{
 "cells": [
  {
   "cell_type": "markdown",
   "metadata": {},
   "source": [
    "Citations: Andrew Lucas: Ising formulations of many NP Problems. arXiv:1302.5843. \n",
    "https://arxiv.org/abs/1302.5843\n",
    "\n",
    "Ising machine: Travelling Salesman Problem\n"
   ]
  },
  {
   "cell_type": "code",
   "execution_count": null,
   "metadata": {},
   "outputs": [],
   "source": [
    "%pip install numba\n",
    "%pip install scipy\n",
    "%pip install SciencePlots\n",
    "%pip install matplotlib\n",
    "%pip install numpy "
   ]
  },
  {
   "cell_type": "code",
   "execution_count": 3,
   "metadata": {},
   "outputs": [],
   "source": [
    "import numpy as np\n",
    "import scienceplots\n",
    "import matplotlib.pyplot as plt\n",
    "import numba\n"
   ]
  },
  {
   "cell_type": "code",
   "execution_count": 4,
   "metadata": {},
   "outputs": [
    {
     "data": {
      "text/plain": [
       "array([[0.     , 0.42681, 0.43078, 0.64486, 0.68217, 0.83184, 0.85845,\n",
       "        0.87651, 0.89812, 0.8935 , 0.84721, 0.90468, 0.88114, 0.82942,\n",
       "        0.86931, 0.69195, 0.88463, 0.31971, 0.76168, 0.72286, 0.69722,\n",
       "        0.69991, 0.62228, 0.63862],\n",
       "       [0.42681, 0.     , 0.07247, 0.361  , 0.42853, 0.70733, 0.4782 ,\n",
       "        0.49519, 0.52099, 0.60389, 0.45804, 0.48825, 0.47497, 0.44143,\n",
       "        0.48218, 0.33579, 0.47186, 0.19838, 0.64002, 0.6877 , 0.99183,\n",
       "        0.55712, 0.34547, 0.35751],\n",
       "       [0.43078, 0.07247, 0.     , 0.42691, 0.49352, 0.65174, 0.5097 ,\n",
       "        0.52454, 0.54884, 0.56239, 0.48847, 0.50476, 0.49729, 0.47385,\n",
       "        0.51105, 0.38842, 0.49143, 0.26472, 0.57465, 0.61669, 1.     ,\n",
       "        0.48718, 0.41369, 0.42412],\n",
       "       [0.64486, 0.361  , 0.42691, 0.     , 0.06129, 0.64948, 0.20983,\n",
       "        0.22665, 0.24708, 0.5454 , 0.20397, 0.27106, 0.243  , 0.18891,\n",
       "        0.22182, 0.07978, 0.25208, 0.33348, 0.68733, 0.74587, 0.62819,\n",
       "        0.68926, 0.01672, 0.     ],\n",
       "       [0.68217, 0.42853, 0.49352, 0.06129, 0.     , 0.61873, 0.1858 ,\n",
       "        0.19924, 0.21413, 0.52836, 0.18709, 0.25332, 0.22569, 0.1766 ,\n",
       "        0.19848, 0.11892, 0.23714, 0.38826, 0.67335, 0.72426, 0.56072,\n",
       "        0.69545, 0.07919, 0.06516],\n",
       "       [0.83184, 0.70733, 0.65174, 0.64948, 0.61873, 0.     , 0.43369,\n",
       "        0.41745, 0.39939, 0.11596, 0.43955, 0.37315, 0.40095, 0.45535,\n",
       "        0.42154, 0.58669, 0.39277, 0.90603, 0.0901 , 0.10478, 0.34676,\n",
       "        0.18219, 0.67099, 0.65561],\n",
       "       [0.85845, 0.4782 , 0.5097 , 0.20983, 0.1858 , 0.43369, 0.     ,\n",
       "        0.01258, 0.03844, 0.33643, 0.01511, 0.06215, 0.03656, 0.03054,\n",
       "        0.00645, 0.1623 , 0.04946, 0.53513, 0.48137, 0.53433, 0.50965,\n",
       "        0.509  , 0.23182, 0.21596],\n",
       "       [0.87651, 0.49519, 0.52454, 0.22665, 0.19924, 0.41745, 0.01258,\n",
       "        0.     , 0.02   , 0.32305, 0.03091, 0.05392, 0.03398, 0.04822,\n",
       "        0.00731, 0.18107, 0.04666, 0.55373, 0.46799, 0.51949, 0.49315,\n",
       "        0.49949, 0.24891, 0.23289],\n",
       "       [0.89812, 0.52099, 0.54884, 0.24708, 0.21413, 0.39939, 0.03844,\n",
       "        0.02   , 0.     , 0.31068, 0.05699, 0.05806, 0.04887, 0.07446,\n",
       "        0.03258, 0.20601, 0.05914, 0.57793, 0.45503, 0.5039 , 0.46766,\n",
       "        0.49282, 0.26961, 0.25327],\n",
       "       [0.8935 , 0.60389, 0.56239, 0.5454 , 0.52836, 0.11596, 0.33643,\n",
       "        0.32305, 0.31068, 0.     , 0.33751, 0.27009, 0.29821, 0.35106,\n",
       "        0.3238 , 0.47385, 0.288  , 0.78937, 0.1387 , 0.19424, 0.4318 ,\n",
       "        0.18752, 0.56508, 0.55121],\n",
       "       [0.84721, 0.45804, 0.48847, 0.20397, 0.18709, 0.43955, 0.01511,\n",
       "        0.03091, 0.05699, 0.33751, 0.     , 0.06129, 0.03312, 0.01199,\n",
       "        0.01844, 0.14908, 0.04381, 0.52196, 0.48186, 0.53707, 0.53019,\n",
       "        0.5039 , 0.2252 , 0.20999],\n",
       "       [0.90468, 0.48825, 0.50476, 0.27106, 0.25332, 0.37315, 0.06215,\n",
       "        0.05392, 0.05806, 0.27009, 0.06129, 0.     , 0.02193, 0.07602,\n",
       "        0.04978, 0.21037, 0.01414, 0.57943, 0.4146 , 0.46954, 0.50476,\n",
       "        0.44068, 0.29197, 0.27708],\n",
       "       [0.88114, 0.47497, 0.49729, 0.243  , 0.22569, 0.40095, 0.03656,\n",
       "        0.03398, 0.04887, 0.29821, 0.03312, 0.02193, 0.     , 0.04822,\n",
       "        0.02532, 0.18413, 0.00683, 0.55519, 0.44261, 0.49772, 0.51578,\n",
       "        0.46686, 0.26402, 0.24902],\n",
       "       [0.82942, 0.44143, 0.47385, 0.18891, 0.1766 , 0.45535, 0.03054,\n",
       "        0.04822, 0.07446, 0.35106, 0.01199, 0.07602, 0.04822, 0.     ,\n",
       "        0.03645, 0.13123, 0.05699, 0.5039 , 0.49476, 0.55115, 0.54631,\n",
       "        0.51293, 0.20972, 0.19488],\n",
       "       [0.86931, 0.48218, 0.51105, 0.22182, 0.19848, 0.42154, 0.00645,\n",
       "        0.00731, 0.03258, 0.3238 , 0.01844, 0.04978, 0.02532, 0.03645,\n",
       "        0.     , 0.17198, 0.03839, 0.54497, 0.46868, 0.52175, 0.50632,\n",
       "        0.49669, 0.2437 , 0.228  ],\n",
       "       [0.69195, 0.33579, 0.38842, 0.07978, 0.11892, 0.58669, 0.1623 ,\n",
       "        0.18107, 0.20601, 0.47385, 0.14908, 0.21037, 0.18413, 0.13123,\n",
       "        0.17198, 0.     , 0.1901 , 0.36681, 0.61077, 0.67265, 0.64986,\n",
       "        0.60464, 0.09177, 0.08344],\n",
       "       [0.88463, 0.47186, 0.49143, 0.25208, 0.23714, 0.39277, 0.04946,\n",
       "        0.04666, 0.05914, 0.288  , 0.04381, 0.01414, 0.00683, 0.05699,\n",
       "        0.03839, 0.1901 , 0.     , 0.55916, 0.43202, 0.48798, 0.51997,\n",
       "        0.4546 , 0.27273, 0.25805],\n",
       "       [0.31971, 0.19838, 0.26472, 0.33348, 0.38826, 0.90603, 0.53513,\n",
       "        0.55373, 0.57793, 0.78937, 0.52196, 0.57943, 0.55519, 0.5039 ,\n",
       "        0.54497, 0.36681, 0.55916, 0.     , 0.84436, 0.88657, 0.85323,\n",
       "        0.75802, 0.31074, 0.32751],\n",
       "       [0.76168, 0.64002, 0.57465, 0.68733, 0.67335, 0.0901 , 0.48137,\n",
       "        0.46799, 0.45503, 0.1387 , 0.48186, 0.4146 , 0.44261, 0.49476,\n",
       "        0.46868, 0.61077, 0.43202, 0.84436, 0.     , 0.05898, 0.42896,\n",
       "        0.08747, 0.70571, 0.69287],\n",
       "       [0.72286, 0.6877 , 0.61669, 0.74587, 0.72426, 0.10478, 0.53433,\n",
       "        0.51949, 0.5039 , 0.19424, 0.53707, 0.46954, 0.49772, 0.55115,\n",
       "        0.52175, 0.67265, 0.48798, 0.88657, 0.05898, 0.     , 0.39331,\n",
       "        0.1244 , 0.7655 , 0.75168],\n",
       "       [0.69722, 0.99183, 1.     , 0.62819, 0.56072, 0.34676, 0.50965,\n",
       "        0.49315, 0.46766, 0.4318 , 0.53019, 0.50476, 0.51578, 0.54631,\n",
       "        0.50632, 0.64986, 0.51997, 0.85323, 0.42896, 0.39331, 0.     ,\n",
       "        0.51965, 0.64507, 0.63206],\n",
       "       [0.69991, 0.55712, 0.48718, 0.68926, 0.69545, 0.18219, 0.509  ,\n",
       "        0.49949, 0.49282, 0.18752, 0.5039 , 0.44068, 0.46686, 0.51293,\n",
       "        0.49669, 0.60464, 0.4546 , 0.75802, 0.08747, 0.1244 , 0.51965,\n",
       "        0.     , 0.7026 , 0.69367],\n",
       "       [0.62228, 0.34547, 0.41369, 0.01672, 0.07919, 0.67099, 0.23182,\n",
       "        0.24891, 0.26961, 0.56508, 0.2252 , 0.29197, 0.26402, 0.20972,\n",
       "        0.2437 , 0.09177, 0.27273, 0.31074, 0.70571, 0.7655 , 0.64507,\n",
       "        0.7026 , 0.     , 0.01059],\n",
       "       [0.63862, 0.35751, 0.42412, 0.     , 0.06516, 0.65561, 0.21596,\n",
       "        0.23289, 0.25327, 0.55121, 0.20999, 0.27708, 0.24902, 0.19488,\n",
       "        0.228  , 0.08344, 0.25805, 0.32751, 0.69287, 0.75168, 0.63206,\n",
       "        0.69367, 0.01059, 0.     ]])"
      ]
     },
     "execution_count": 4,
     "metadata": {},
     "output_type": "execute_result"
    }
   ],
   "source": [
    "import math \n",
    "import numpy as np\n",
    "vertices = [\n",
    "    ('A', 'Melbourne',   -37.8136, 144.9631),\n",
    "    ('B', 'Shanghai',     31.2304, 121.4737),\n",
    "    ('C', 'Suzuka',       34.8821, 136.5882),\n",
    "    ('D', 'Sakhir',       26.0325, 50.5109),\n",
    "    ('E', 'Jeddah',       21.5433, 39.1728),\n",
    "    ('F', 'Miami',        25.7617, -80.1918),\n",
    "    ('G', 'Imola',        44.3559, 11.7161),\n",
    "    ('H', 'Monaco',       43.7384, 7.4246),\n",
    "    ('I', 'Montmelo',     41.5503, 2.2500),\n",
    "    ('J', 'Montreal',     45.5017, -73.5673),\n",
    "    ('K', 'Spielberg',    47.2173, 14.7772),\n",
    "    ('L', 'Silverstone',  52.0786, -1.0169),\n",
    "    ('M', 'Stavelot',     50.3941, 6.0169),\n",
    "    ('N', 'Mogyorod',     47.5980, 19.2506),\n",
    "    ('O', 'Monza',        45.5845, 9.2744),\n",
    "    ('P', 'Baku',         40.4093, 49.8671),\n",
    "    ('Q', 'Zandvoort',    52.3740, 4.5312),\n",
    "    ('R', 'Singapore',     1.3521, 103.8198),\n",
    "    ('S', 'Texas',        30.2672, -97.7431),\n",
    "    ('T', 'Mexico City',  19.4326, -99.1332),\n",
    "    ('U', 'Sao Paulo',    -23.5505, -46.6333),\n",
    "    ('V', 'Las Vegas',    36.1699, -115.1398),\n",
    "    ('W', 'Abu Dhabi',    24.4539, 54.3773),\n",
    "    ('X', 'Lusail',       25.4693, 51.4825)\n",
    "]\n",
    "EARTH_RADIUS = 6371.0\n",
    "\n",
    "# Helper function to compute haversine distance\n",
    "def haversine_distance(lat1, lon1, lat2, lon2):\n",
    "    # Convert lat/lons to radians\n",
    "    lat1, lon1, lat2, lon2 = map(math.radians, [lat1, lon1, lat2, lon2])\n",
    "\n",
    "    # Haversine formula\n",
    "    dlat = lat2 - lat1\n",
    "    dlon = lon2 - lon1\n",
    "    a = (math.sin(dlat / 2)**2) + math.cos(lat1) * math.cos(lat2) * (math.sin(dlon / 2)**2)\n",
    "    c = 2 * math.asin(math.sqrt(a))\n",
    "\n",
    "    return EARTH_RADIUS * c\n",
    "\n",
    "def get_normalized_weight_matrix():\n",
    "    weights = np.zeros((len(vertices), len(vertices)))\n",
    "    for i in range(len(vertices)):\n",
    "        for j in range(len(vertices)):\n",
    "            if i == j: \n",
    "                weights[i][j] = 0\n",
    "            else:\n",
    "                code_i, name_i, lat_i, lon_i = vertices[i]\n",
    "                code_j, name_j, lat_j, lon_j = vertices[j]\n",
    "                dist_km = round(haversine_distance(lat_i, lon_i, lat_j, lon_j))\n",
    "                weights[i][j] = dist_km\n",
    "    \n",
    "    # Normalize the weights, ignoring the diagonal which is 0 \n",
    "    \n",
    "    max_weight = np.max(weights)\n",
    "    min_weight = np.min(weights[weights != 0])  # Ignore the diagonal (0s)\n",
    "\n",
    "    range_weight = max_weight - min_weight\n",
    "\n",
    "    for i in range(len(weights)):\n",
    "        for j in range(len(weights)):\n",
    "            if i != j:\n",
    "                weights[i][j] = (weights[i][j] - min_weight) / range_weight\n",
    "            else:\n",
    "                weights[i][j] = 0\n",
    "    \n",
    "    \n",
    "    weights = np.round(weights, 5)\n",
    "            \n",
    "    return weights\n",
    "\n",
    "\n",
    "get_normalized_weight_matrix()\n",
    "\n",
    "\n"
   ]
  },
  {
   "cell_type": "code",
   "execution_count": 5,
   "metadata": {},
   "outputs": [
    {
     "data": {
      "text/plain": [
       "array([[0, 1, 0, 0, 1, 1, 0, 1, 0, 1, 0, 1, 1, 1, 1, 0, 0, 1, 1, 1, 0, 0,\n",
       "        0, 1],\n",
       "       [0, 0, 1, 0, 1, 1, 1, 0, 0, 0, 1, 0, 1, 1, 1, 1, 1, 1, 1, 1, 1, 1,\n",
       "        0, 1],\n",
       "       [0, 0, 1, 0, 1, 1, 0, 1, 1, 0, 0, 0, 1, 1, 1, 0, 1, 1, 0, 1, 0, 0,\n",
       "        0, 0],\n",
       "       [0, 1, 0, 0, 1, 1, 0, 1, 1, 0, 0, 0, 0, 0, 1, 1, 0, 1, 0, 0, 0, 0,\n",
       "        1, 1],\n",
       "       [0, 1, 1, 1, 1, 0, 0, 1, 1, 1, 0, 1, 1, 0, 0, 0, 0, 1, 0, 0, 0, 1,\n",
       "        0, 0],\n",
       "       [0, 0, 0, 0, 1, 1, 1, 1, 0, 1, 1, 1, 1, 1, 0, 1, 1, 1, 0, 0, 0, 0,\n",
       "        1, 0],\n",
       "       [0, 1, 1, 0, 0, 0, 0, 0, 0, 1, 1, 0, 1, 1, 0, 0, 0, 1, 1, 0, 1, 1,\n",
       "        0, 1],\n",
       "       [1, 1, 1, 0, 1, 0, 1, 0, 0, 0, 1, 1, 0, 0, 1, 1, 0, 1, 1, 0, 1, 1,\n",
       "        0, 1],\n",
       "       [1, 1, 0, 1, 0, 0, 0, 1, 0, 0, 0, 1, 1, 1, 1, 1, 0, 1, 0, 0, 1, 1,\n",
       "        1, 0],\n",
       "       [0, 1, 0, 0, 0, 1, 1, 0, 1, 0, 1, 1, 0, 0, 1, 0, 0, 0, 0, 1, 0, 0,\n",
       "        0, 0],\n",
       "       [1, 1, 0, 0, 0, 1, 0, 1, 0, 1, 0, 0, 0, 1, 1, 0, 1, 1, 0, 0, 0, 1,\n",
       "        0, 1],\n",
       "       [0, 1, 1, 0, 0, 0, 0, 1, 1, 1, 1, 1, 0, 0, 0, 1, 1, 0, 1, 0, 0, 0,\n",
       "        1, 0],\n",
       "       [1, 1, 0, 0, 0, 1, 1, 0, 0, 0, 1, 0, 0, 0, 1, 0, 1, 1, 0, 1, 0, 0,\n",
       "        1, 0],\n",
       "       [0, 0, 1, 0, 1, 0, 1, 1, 0, 0, 0, 0, 1, 0, 0, 1, 0, 1, 0, 1, 1, 1,\n",
       "        1, 1],\n",
       "       [0, 1, 0, 0, 0, 1, 1, 0, 0, 1, 1, 1, 0, 1, 1, 0, 0, 1, 1, 1, 0, 0,\n",
       "        1, 0],\n",
       "       [0, 1, 1, 0, 1, 1, 0, 0, 1, 1, 0, 1, 0, 1, 1, 0, 0, 1, 0, 0, 1, 1,\n",
       "        1, 0],\n",
       "       [1, 0, 1, 1, 1, 1, 0, 0, 0, 0, 1, 0, 1, 1, 0, 1, 1, 1, 1, 0, 1, 1,\n",
       "        1, 0],\n",
       "       [0, 1, 1, 1, 0, 0, 0, 0, 0, 0, 0, 0, 0, 0, 1, 1, 0, 1, 1, 1, 1, 1,\n",
       "        0, 0],\n",
       "       [1, 0, 1, 0, 1, 0, 1, 0, 0, 0, 0, 1, 1, 0, 0, 0, 0, 0, 1, 1, 0, 1,\n",
       "        1, 0],\n",
       "       [0, 1, 0, 1, 0, 1, 0, 1, 1, 1, 1, 0, 1, 1, 0, 0, 1, 1, 0, 1, 1, 0,\n",
       "        0, 1],\n",
       "       [1, 0, 0, 0, 1, 0, 1, 0, 0, 0, 0, 1, 0, 1, 1, 0, 0, 0, 0, 0, 1, 1,\n",
       "        0, 0],\n",
       "       [0, 0, 0, 0, 1, 0, 0, 1, 1, 0, 0, 1, 0, 1, 1, 1, 1, 1, 0, 0, 0, 1,\n",
       "        1, 0],\n",
       "       [1, 1, 0, 0, 1, 1, 0, 0, 0, 0, 1, 1, 1, 1, 1, 0, 0, 1, 0, 1, 0, 1,\n",
       "        0, 0],\n",
       "       [1, 1, 1, 0, 1, 1, 0, 0, 1, 0, 0, 0, 0, 0, 0, 1, 1, 1, 0, 1, 0, 0,\n",
       "        0, 1]])"
      ]
     },
     "execution_count": 5,
     "metadata": {},
     "output_type": "execute_result"
    }
   ],
   "source": [
    "\n",
    "# initiate random grid of spins (1 and 0)\n",
    "\n",
    "def init_random():\n",
    "    N = len(vertices)\n",
    "    spins = np.random.randint(2, size=(N, N))\n",
    "    return spins\n",
    "    \n",
    "\n",
    "init_random()"
   ]
  },
  {
   "cell_type": "code",
   "execution_count": 6,
   "metadata": {},
   "outputs": [],
   "source": [
    "# get letter for each city\n",
    "def get_code(num):\n",
    "    return chr(num + 65)"
   ]
  },
  {
   "cell_type": "code",
   "execution_count": 7,
   "metadata": {},
   "outputs": [],
   "source": [
    "@numba.njit\n",
    "def get_energy(lattice, A, B, weights):\n",
    "\n",
    "    N = len(lattice)\n",
    "    \n",
    "    # first term: penalise energy for cities which appear more than once \n",
    "    vertex_penalty = 0\n",
    "    for u in range(N):\n",
    "        # count the number of 1s in each row\n",
    "        row_sum = np.sum(lattice[u])\n",
    "        # if there is more than one 1, add penalty to energy\n",
    "        if row_sum != 1:\n",
    "            vertex_penalty += A * (1 -row_sum)**2\n",
    "    \n",
    "    # second term: penalise energy for positions which have more than one city in them\n",
    "\n",
    "    position_penalty = 0\n",
    "    for j in range(N):\n",
    "        col_sum = np.sum(lattice[:, j])\n",
    "        if col_sum != 1:\n",
    "            position_penalty += A * (1 - col_sum)**2\n",
    "\n",
    "\n",
    "\n",
    "\n",
    "    # third term: penalise energy for vertices not connected. \n",
    "    # all vertices area allowed to be connected here, so we leave this one out for now \n",
    "\n",
    "    # fourth term: penalise energy for distance between vertices\n",
    "    # for each city, from the second one, find the distance from the previous city. \n",
    "    \n",
    "    distance_penalty = 0\n",
    "    # find vertex visited in the first columm, should be 1\n",
    "    for vertex in range(N):\n",
    "        if lattice[vertex][0] == 1:\n",
    "            prev_vertex = vertex\n",
    "            first_vertex = vertex\n",
    "            break\n",
    "    # go through each column, starting with second one\n",
    "    for col in range (1, N):\n",
    "        for vertex in range(N):\n",
    "            if lattice[vertex][col] == 1:\n",
    "                curr_vertex = vertex\n",
    "                weight = weights[prev_vertex][curr_vertex]\n",
    "                distance_penalty += weight\n",
    "                prev_vertex = curr_vertex\n",
    "                break\n",
    "    # add distance between last and first vertex\n",
    "    weight = weights[prev_vertex][first_vertex]\n",
    "    distance_penalty += weight\n",
    "    # multiply by B\n",
    "    distance_penalty *= B\n",
    "    # add all penalties\n",
    "    energy = vertex_penalty + position_penalty + distance_penalty\n",
    "    return energy\n",
    "\n",
    "# test\n",
    "A = 10000\n",
    "B = 0.1\n",
    "lattice = init_random()\n",
    "weights = get_normalized_weight_matrix()\n",
    "energy = get_energy(lattice, A, B, weights)\n",
    "\n",
    "\n",
    "\n",
    " "
   ]
  },
  {
   "cell_type": "code",
   "execution_count": 8,
   "metadata": {},
   "outputs": [
    {
     "name": "stderr",
     "output_type": "stream",
     "text": [
      "/Users/aliya/DIMPLE/isingmodel/.venv/lib/python3.11/site-packages/numba/core/decorators.py:246: RuntimeWarning: nopython is set for njit and is ignored\n",
      "  warnings.warn('nopython is set for njit and is ignored', RuntimeWarning)\n"
     ]
    },
    {
     "name": "stdout",
     "output_type": "stream",
     "text": [
      "[[0 0 0 0 0 0 0 0 0 0 0 0 0 0 0 1 0 0 0 0 0 0 0 0]\n",
      " [0 0 1 0 0 0 0 0 0 0 0 0 0 0 0 0 0 0 0 0 0 0 0 0]\n",
      " [0 0 0 0 0 0 0 0 0 0 0 0 1 0 0 0 0 0 0 0 0 0 0 0]\n",
      " [0 0 0 1 0 0 0 0 0 0 0 0 0 0 0 0 0 0 0 0 0 0 0 0]\n",
      " [0 0 0 0 0 0 0 0 0 0 0 0 0 0 0 0 0 0 0 1 0 0 0 0]\n",
      " [0 0 0 0 0 0 0 0 0 0 0 0 0 0 0 0 0 1 0 0 0 0 0 0]\n",
      " [0 0 0 0 0 0 0 0 0 0 0 0 0 0 0 0 0 0 0 0 0 0 0 1]\n",
      " [0 0 0 0 1 0 0 0 0 0 0 0 0 0 0 0 0 0 0 0 0 0 0 0]\n",
      " [1 0 0 0 0 0 0 0 0 0 0 0 0 0 0 0 0 0 0 0 0 0 0 0]\n",
      " [0 0 0 0 0 0 0 0 1 0 0 0 0 0 0 0 0 0 0 0 0 0 0 0]\n",
      " [0 0 0 0 0 0 1 0 0 0 0 0 0 0 0 0 0 0 0 0 0 0 0 0]\n",
      " [0 0 0 0 0 0 0 0 0 0 0 0 0 0 1 0 0 0 0 0 0 0 0 0]\n",
      " [0 0 0 0 0 0 0 0 0 1 0 0 0 0 0 0 0 0 0 0 0 0 0 0]\n",
      " [0 0 0 0 0 0 0 0 0 0 0 0 0 1 0 0 0 0 0 0 0 0 0 0]\n",
      " [0 0 0 0 0 0 0 0 0 0 1 0 0 0 0 0 0 0 0 0 0 0 0 0]\n",
      " [0 1 0 0 0 0 0 0 0 0 0 0 0 0 0 0 0 0 0 0 0 0 0 0]\n",
      " [0 0 0 0 0 0 0 0 0 0 0 0 0 0 0 0 0 0 0 0 0 0 1 0]\n",
      " [0 0 0 0 0 0 0 0 0 0 0 0 0 0 0 0 0 0 1 0 0 0 0 0]\n",
      " [0 0 0 0 0 0 0 0 0 0 0 0 0 0 0 0 0 0 0 0 0 1 0 0]\n",
      " [0 0 0 0 0 0 0 0 0 0 0 0 0 0 0 0 1 0 0 0 0 0 0 0]\n",
      " [0 0 0 0 0 0 0 0 0 0 0 0 0 0 0 0 0 0 0 0 1 0 0 0]\n",
      " [0 0 0 0 0 0 0 1 0 0 0 0 0 0 0 0 0 0 0 0 0 0 0 0]\n",
      " [0 0 0 0 0 1 0 0 0 0 0 0 0 0 0 0 0 0 0 0 0 0 0 0]\n",
      " [0 0 0 0 0 0 0 0 0 0 0 1 0 0 0 0 0 0 0 0 0 0 0 0]]\n",
      "0.835671\n"
     ]
    }
   ],
   "source": [
    "# now we apply metropolis\n",
    "\n",
    "from numba import types, typed\n",
    "import matplotlib.animation as animation\n",
    "\n",
    "@numba.njit(\"Tuple((i8[:,:], f8, ListType(f8[:]),ListType(f8[:])))(i8[:,:], i8, f8,f8,f8,f8[:,:],f8)\", nopython=True, parallel=True, fastmath=True, nogil=True)\n",
    "def metropolis(lattice, num_steps, temperature, energy, alpha, weights, min_temp):\n",
    "    \n",
    "    N = len(lattice)\n",
    "\n",
    "    # create a copy of the lattice\n",
    "    lattice = lattice.copy()\n",
    "\n",
    "    # calculate num of needed steps\n",
    "    needed_temp_steps = int(np.log(min_temp / temperature) / np.log(alpha))\n",
    "    total_spins = typed.List.empty_list(types.float64[:])\n",
    "    total_energy = typed.List.empty_list(types.float64[:])\n",
    "\n",
    "\n",
    "\n",
    "    \n",
    "    net_spins = np.zeros(num_steps-1)\n",
    "    net_energy = np.zeros(num_steps-1)\n",
    "    for step in range(num_steps):\n",
    "\n",
    "        # choose two random vertices (cities) to swap \n",
    "        # i = np.random.randint(0, N)\n",
    "        # j = np.random.randint(0, N)\n",
    "        # swap the vertices\n",
    "        # lattice[i][j], lattice[j][i] = lattice[j][i], lattice[i][j]\n",
    "\n",
    "        # instead of choose two random vertices to swap, pick a random vertex at a destination and flip it. \n",
    "        i = np.random.randint(0, N)\n",
    "        j = np.random.randint(0, N)\n",
    "        lattice[i][j] = 1 - lattice[i][j]\n",
    "\n",
    "        new_energy = get_energy(lattice, A, B, weights)\n",
    "        delta_energy = new_energy - energy\n",
    "        # if the new energy is lower, accept the move\n",
    "        if delta_energy < 0:\n",
    "                lattice = np.copy(lattice)\n",
    "                energy = new_energy\n",
    "        else:\n",
    "            # if new energy is higher accept the move with probability p\n",
    "            # the higer the temperature is the higher the \n",
    "            p = np.exp(-delta_energy / temperature)\n",
    "            if np.random.rand() < p:\n",
    "                lattice = np.copy(lattice)\n",
    "                energy = new_energy\n",
    "            else:\n",
    "                # revert to old lattice\n",
    "                lattice[i][j] = 1 - lattice[i][j]\n",
    "        # calculate the net spins and energy\n",
    "        net_spins[step] = np.sum(lattice)\n",
    "        net_energy[step] = energy\n",
    "\n",
    "        \n",
    "        \n",
    "        \n",
    "        # decrease the temperature\n",
    "        # temperature *= alpha\n",
    "        # store the net spins and energy \n",
    "        total_spins.append(net_spins)\n",
    "        total_energy.append(net_energy)\n",
    "        # decrease the needed steps\n",
    "        # needed_temp_steps -= 1\n",
    "\n",
    "    return lattice, energy, total_spins, total_energy\n",
    "\n",
    "lattice = init_random()\n",
    "weights = get_normalized_weight_matrix()\n",
    "energy = get_energy(lattice, A, B, weights)\n",
    "temperature = 0.001\n",
    "alpha = 0.9\n",
    "num_steps = 100000000\n",
    "num_steps_low = 1000\n",
    "min_temp = 0.1\n",
    "lattice = lattice.astype(np.int64)\n",
    "weights = weights.astype(np.float64)\n",
    "lattice, energy, total_spins, total_energy = metropolis(lattice, num_steps, temperature, energy, alpha, weights, min_temp)\n",
    "\n",
    "\n",
    "print(lattice)\n",
    "print(energy)\n",
    "# print(total_spins)\n",
    "# print(total_energy)\n",
    "\n",
    "\n"
   ]
  },
  {
   "cell_type": "code",
   "execution_count": null,
   "metadata": {},
   "outputs": [
    {
     "name": "stdout",
     "output_type": "stream",
     "text": [
      "['Montmelo', 'Baku', 'Shanghai', 'Sakhir', 'Monaco', 'Abu Dhabi', 'Spielberg', 'Las Vegas', 'Montreal', 'Stavelot', 'Monza', 'Lusail', 'Suzuka', 'Mogyorod', 'Silverstone', 'Melbourne', 'Mexico City', 'Miami', 'Singapore', 'Jeddah', 'Sao Paulo', 'Texas', 'Zandvoort', 'Imola']\n",
      "158228.71483999325\n"
     ]
    }
   ],
   "source": [
    "# get the vertices in order of visit from the lattice\n",
    "def get_order(lattice):\n",
    "    N = len(lattice)\n",
    "    order = []\n",
    "    for col in range(N):\n",
    "        for row in range(N):\n",
    "            if lattice[row][col] == 1:\n",
    "                order.append(row)\n",
    "    return order\n",
    "\n",
    "# list of names of cities\n",
    "def get_city_names(order):\n",
    "    names = []\n",
    "    for i in order:\n",
    "        names.append(vertices[i][1])\n",
    "    return names\n",
    "\n",
    "order = get_order(lattice)\n",
    "city_names = get_city_names(order)\n",
    "   \n",
    "print(city_names)\n",
    "\n",
    "# get total distance of the path\n",
    "def get_total_distance(order):\n",
    "    # find not normalized distance between consecutive places in the order\n",
    "    total_distance = 0\n",
    "    for i in range(len(order)-1):\n",
    "        total_distance += haversine_distance(vertices[order[i]][2], vertices[order[i]][3], vertices[order[i+1]][2], vertices[order[i+1]][3])\n",
    "    # add distance between last and first city\n",
    "    total_distance += haversine_distance(vertices[order[0]][2], vertices[order[0]][3], vertices[order[-1]][2], vertices[order[-1]][3])\n",
    "    return total_distance\n",
    "\n",
    "total_distance = get_total_distance(order)\n",
    "print(total_distance)"
   ]
  },
  {
   "cell_type": "code",
   "execution_count": null,
   "metadata": {},
   "outputs": [
    {
     "data": {
